# Charge-based amino-acid scoring matrix with gap symbol
# Positive: K R H
# Negative: D E
# Neutral: A C F G I L M N P Q S T V W Y
# Gap symbol: *
# Rules:
# same positive or same negative charge = +5
# neutral with neutral = +3
# positive with negative = -3
# charged with neutral = -1
# amino acid with gap (*) = -4
# gap with gap (*/*) = 0
  A R N D C Q E G H I L K M F P S T W Y V *
 A 3 -1 3 -1 3 3 -1 3 -1 3 3 -1 3 3 3 3 3 3 3 3 -4
 R -1 5 -1 -3 -1 -1 -3 -1 5 -1 -1 5 -1 -1 -1 -1 -1 -1 -1 -1 -4
 N 3 -1 3 -1 3 3 -1 3 -1 3 3 -1 3 3 3 3 3 3 3 3 -4
 D -1 -3 -1 5 -1 -1 5 -1 -3 -1 -1 -3 -1 -1 -1 -1 -1 -1 -1 -1 -4
 C 3 -1 3 -1 3 3 -1 3 -1 3 3 -1 3 3 3 3 3 3 3 3 -4
 Q 3 -1 3 -1 3 3 -1 3 -1 3 3 -1 3 3 3 3 3 3 3 3 -4
 E -1 -3 -1 5 -1 -1 5 -1 -3 -1 -1 -3 -1 -1 -1 -1 -1 -1 -1 -1 -4
 G 3 -1 3 -1 3 3 -1 3 -1 3 3 -1 3 3 3 3 3 3 3 3 -4
 H -1 5 -1 -3 -1 -1 -3 -1 5 -1 -1 5 -1 -1 -1 -1 -1 -1 -1 -1 -4
 I 3 -1 3 -1 3 3 -1 3 -1 3 3 -1 3 3 3 3 3 3 3 3 -4
 L 3 -1 3 -1 3 3 -1 3 -1 3 3 -1 3 3 3 3 3 3 3 3 -4
 K -1 5 -1 -3 -1 -1 -3 -1 5 -1 -1 5 -1 -1 -1 -1 -1 -1 -1 -1 -4
 M 3 -1 3 -1 3 3 -1 3 -1 3 3 -1 3 3 3 3 3 3 3 3 -4
 F 3 -1 3 -1 3 3 -1 3 -1 3 3 -1 3 3 3 3 3 3 3 3 -4
 P 3 -1 3 -1 3 3 -1 3 -1 3 3 -1 3 3 3 3 3 3 3 3 -4
 S 3 -1 3 -1 3 3 -1 3 -1 3 3 -1 3 3 3 3 3 3 3 3 -4
 T 3 -1 3 -1 3 3 -1 3 -1 3 3 -1 3 3 3 3 3 3 3 3 -4
 W 3 -1 3 -1 3 3 -1 3 -1 3 3 -1 3 3 3 3 3 3 3 3 -4
 Y 3 -1 3 -1 3 3 -1 3 -1 3 3 -1 3 3 3 3 3 3 3 3 -4
 V 3 -1 3 -1 3 3 -1 3 -1 3 3 -1 3 3 3 3 3 3 3 3 -4
 * -4 -4 -4 -4 -4 -4 -4 -4 -4 -4 -4 -4 -4 -4 -4 -4 -4 -4 -4 -4 0
